,green,nir,swir16,swir22,NDMI,MNDWI
0,11426.0,11190.0,7687.5,7645.0,0.18553833929280794,0.19559473670442257
1,9550.0,17658.5,13746.5,10574.0,0.12456615188664187,-0.18013435494602117
2,10720.0,15210.0,17974.0,14201.0,-0.08329315332690428,-0.2528054645570494
3,10943.0,14887.0,13522.0,11403.0,0.04804815375409185,-0.10541590026568524
4,9502.5,16828.5,12665.5,9643.0,0.1411473520037969,-0.14268314687838263
5,10433.5,12433.5,9579.5,8531.5,0.1296506609730608,0.04267226302903092
6,,,,,,
7,10466.5,14137.5,10315.5,8536.0,0.1562998405103662,0.007265903185448912
8,10647.0,15543.0,11919.5,9642.5,0.13194355939918023,-0.056388895043537744
9,10207.0,13683.0,14011.5,11850.5,-0.01186156095975731,-0.15709065383900672
10,9840.0,14528.0,13472.0,11065.0,0.03771428571428558,-0.1557995881949204
11,10247.0,15515.5,12823.0,10403.5,0.09501208603137042,-0.11166016471608102
12,,,,,,
13,13104.0,17653.0,19330.0,16984.0,-0.0453451585863774,-0.191959055312326
14,9926.0,13959.0,15156.5,12552.5,-0.0411292953924884,-0.20853184491179028
15,11044.5,17937.5,18143.5,14152.5,-0.005709376125938844,-0.24321639029738168
16,9597.0,19310.5,12954.5,9447.5,0.1969936463660307,-0.14888144912755183
17,11040.0,10218.0,7946.5,7735.0,0.1250516116601056,0.16293155663234318
18,11597.0,11481.0,8583.0,8196.5,0.1444377990430615,0.14935579781962266
19,9908.0,17418.5,13987.0,10115.0,0.10926430083902466,-0.17070516844528075
20,4491.0,5266.5,3672.5,3764.5,0.1783197225640432,0.10026336742818522
21,9691.0,13724.0,13005.5,10754.5,0.02688041302680549,-0.1460357323816441
22,9969.5,11490.5,10372.5,9135.0,0.05113662351918744,-0.01981122800117973
23,10548.0,13400.0,7764.0,7659.0,0.26630126630126505,0.15203145478374755
24,10060.0,14158.0,12037.5,10023.5,0.08094901796109989,-0.08948976128521287
25,10334.0,15218.5,14735.0,12208.5,0.016141686280401236,-0.17555546691132407
26,11771.5,18631.5,16495.0,12815.0,0.060823025351230374,-0.1671059381246346
27,9167.0,9089.5,7963.0,7740.0,0.066060694912769,0.07028604786923486
28,10720.0,15210.0,17974.0,14201.0,-0.08329315332690428,-0.2528054645570494
29,10724.5,14558.0,11450.0,10000.5,0.11950169178714197,-0.032717761392590444
30,9502.5,16828.5,12665.5,9643.0,0.1411473520037969,-0.14268314687838263
31,10433.5,12433.5,9579.5,8531.5,0.1296506609730608,0.04267226302903092
32,17765.0,21914.0,22170.5,17965.5,-0.005818371536481063,-0.11031538355598375
33,10207.0,13683.0,14011.5,11850.5,-0.01186156095975731,-0.15709065383900672
34,10247.0,15515.5,12823.0,10403.5,0.09501208603137042,-0.11166016471608102
35,10943.0,14887.0,13522.0,11403.0,0.04804815375409185,-0.10541590026568524
36,,,,,,
37,9019.0,12323.0,13161.0,10800.5,-0.03288337780568187,-0.18674481514878186
38,9926.0,13959.0,15156.5,12552.5,-0.0411292953924884,-0.20853184491179028
39,9753.0,16870.5,13408.0,10257.0,0.11435507042951232,-0.15780838478476683
40,9060.0,12333.0,9264.5,8181.0,0.14207662923949466,-0.011159922508117488
41,10794.0,16767.0,18026.5,15340.5,-0.03619929009728818,-0.2509498447285778
42,9248.0,14007.5,12553.5,9979.0,0.054741914837543565,-0.15161800793523314
43,9691.0,13724.0,13005.5,10754.5,0.02688041302680549,-0.1460357323816441
44,9969.5,11490.5,10372.5,9135.0,0.05113662351918744,-0.01981122800117973
45,10835.0,15132.5,13586.0,11169.0,0.05385030555217002,-0.11264894967446006
46,,,,,,
47,10765.0,14001.0,12520.0,10583.0,0.055842539874061854,-0.07537041013527991
48,11426.0,11190.0,7687.5,7645.0,0.18553833929280794,0.19559473670442257
49,9116.5,14776.0,12424.0,9895.0,0.0864705882352938,-0.15354796778161997
50,9550.0,17658.5,13746.5,10574.0,0.12456615188664187,-0.18013435494602117
51,9449.0,19619.0,13890.0,10042.0,0.1709689934047564,-0.19028235999828533
52,9326.0,14514.0,12189.5,9706.0,0.08704851423970608,-0.13309009783644288
53,5189.5,7814.0,6664.0,5222.0,0.07943086061610664,-0.12439363900957418
54,10466.5,14137.5,10315.5,8536.0,0.1562998405103662,0.007265903185448912
55,10647.0,15543.0,11919.5,9642.5,0.13194355939918023,-0.056388895043537744
56,10809.0,13298.5,10191.0,9261.0,0.13229315225951965,0.02942857142857129
57,9803.5,12128.5,9325.0,8486.0,0.13067797795231487,0.02501502992916316
58,10247.0,15515.5,12823.0,10403.5,0.09501208603137042,-0.11166016471608102
59,,,,,,
60,11835.5,12488.0,8894.0,8335.0,0.16808530539706218,0.14189922574109293
61,10665.5,15820.0,16377.5,13975.0,-0.01731500892926464,-0.21121916947084196
62,9546.5,13162.5,12786.0,10889.0,0.014509509220186083,-0.14505765140490254
63,11044.5,17937.5,18143.5,14152.5,-0.005709376125938844,-0.24321639029738168
64,,,,,,
65,11040.0,10218.0,7946.5,7735.0,0.1250516116601056,0.16293155663234318
66,9516.5,14331.0,13944.0,10936.5,0.013687002652519846,-0.18872146799940245
67,9060.0,12333.0,9264.5,8181.0,0.14207662923949466,-0.011159922508117488
68,9636.0,14954.0,14753.0,11537.5,0.006766082068199392,-0.20980770019270897
69,9908.0,17418.5,13987.0,10115.0,0.10926430083902466,-0.17070516844528075
70,9196.5,16880.0,12987.5,10366.5,0.1303256047543312,-0.17088892895780666
71,,,,,,
72,7859.0,9058.0,8310.0,7822.0,0.04306771073238115,-0.027892881439792024
73,11456.5,15187.0,14527.0,12799.0,0.022211752036077198,-0.11817114707410427
74,9913.0,14270.0,13652.0,11469.5,0.022133085022562775,-0.15866751538298257
75,,,,,,
76,,,,,,
77,9969.5,11490.5,10372.5,9135.0,0.05113662351918744,-0.01981122800117973
78,10548.0,13400.0,7764.0,7659.0,0.26630126630126505,0.15203145478374755
79,12046.5,14599.0,12067.0,11038.5,0.09495237380934489,-0.0008501461836730428
80,,,,,,
81,9112.0,13185.0,13904.5,11277.0,-0.026560106314254504,-0.20822018986379248
82,12046.5,14599.0,12067.0,11038.5,0.09495237380934489,-0.0008501461836730428
83,9505.5,12245.0,14908.5,13718.0,-0.0980904855727619,-0.22130744654706228
84,11771.5,18631.5,16495.0,12815.0,0.060823025351230374,-0.1671059381246346
85,8325.0,10676.0,8915.5,8274.0,0.08986039864226789,-0.034250746788086
86,11040.0,10218.0,7946.5,7735.0,0.1250516116601056,0.16293155663234318
87,10943.0,14887.0,13522.0,11403.0,0.04804815375409185,-0.10541590026568524
88,9502.5,16828.5,12665.5,9643.0,0.1411473520037969,-0.14268314687838263
89,10433.5,12433.5,9579.5,8531.5,0.1296506609730608,0.04267226302903092
90,10207.0,13683.0,14011.5,11850.5,-0.01186156095975731,-0.15709065383900672
91,10247.0,15515.5,12823.0,10403.5,0.09501208603137042,-0.11166016471608102
92,,,,,,
93,9926.0,13959.0,15156.5,12552.5,-0.0411292953924884,-0.20853184491179028
94,9154.0,13871.0,11520.0,9420.0,0.0925918632586346,-0.1144432620682978
95,9753.0,16870.5,13408.0,10257.0,0.11435507042951232,-0.15780838478476683
96,8387.0,13535.0,10165.0,8604.0,0.14219409282700363,-0.09583872358775283
97,9468.5,14757.5,13111.5,10821.0,0.059062040259786654,-0.16133746678476457
98,9597.0,19310.5,12954.5,9447.5,0.1969936463660307,-0.14888144912755183
99,9516.5,14331.0,13944.0,10936.5,0.013687002652519846,-0.18872146799940245
100,9060.0,12333.0,9264.5,8181.0,0.14207662923949466,-0.011159922508117488
101,9908.0,17418.5,13987.0,10115.0,0.10926430083902466,-0.17070516844528075
102,9525.0,14913.0,13943.0,11317.0,0.03361519268089814,-0.18825634907107472
103,9969.5,11490.5,10372.5,9135.0,0.05113662351918744,-0.01981122800117973
104,9167.0,9089.5,7963.0,7740.0,0.066060694912769,0.07028604786923486
105,11426.0,11190.0,7687.5,7645.0,0.18553833929280794,0.19559473670442257
106,9550.0,17658.5,13746.5,10574.0,0.12456615188664187,-0.18013435494602117
107,9167.0,9089.5,7963.0,7740.0,0.066060694912769,0.07028604786923486
108,5189.5,7814.0,6664.0,5222.0,0.07943086061610664,-0.12439363900957418
109,10647.0,15543.0,11919.5,9642.5,0.13194355939918023,-0.056388895043537744
110,9281.0,17894.5,13078.0,9695.0,0.15550891920251786,-0.16981975938100913
111,9803.5,12128.5,9325.0,8486.0,0.13067797795231487,0.02501502992916316
112,,,,,,
113,8959.0,10864.0,12654.0,11808.5,-0.07611191427842472,-0.1709619210660243
114,10466.5,14137.5,10315.5,8536.0,0.1562998405103662,0.007265903185448912
115,11879.5,17210.0,18270.5,15619.5,-0.029889657699299528,-0.21197346600331607
116,9427.0,16685.5,12127.0,9348.0,0.15821258134490185,-0.12526677182889429
117,9691.0,13724.0,13005.5,10754.5,0.02688041302680549,-0.1460357323816441
118,9969.5,11490.5,10372.5,9135.0,0.05113662351918744,-0.01981122800117973
119,9636.0,14954.0,14753.0,11537.5,0.006766082068199392,-0.20980770019270897
120,10548.0,13400.0,7764.0,7659.0,0.26630126630126505,0.15203145478374755
121,12046.5,14599.0,12067.0,11038.5,0.09495237380934489,-0.0008501461836730428
122,12046.5,14599.0,12067.0,11038.5,0.09495237380934489,-0.0008501461836730428
123,11594.0,13930.0,8610.0,8471.0,0.23602484472049587,0.1476935260344479
124,11771.5,18631.5,16495.0,12815.0,0.060823025351230374,-0.1671059381246346
125,9468.5,14757.5,13111.5,10821.0,0.059062040259786654,-0.16133746678476457
126,9167.0,9089.5,7963.0,7740.0,0.066060694912769,0.07028604786923486
127,10724.5,14558.0,11450.0,10000.5,0.11950169178714197,-0.032717761392590444
128,9502.5,16828.5,12665.5,9643.0,0.1411473520037969,-0.14268314687838263
129,9326.0,14514.0,12189.5,9706.0,0.08704851423970608,-0.13309009783644288
130,10433.5,12433.5,9579.5,8531.5,0.1296506609730608,0.04267226302903092
131,4774.0,6219.0,5600.5,4803.0,0.05232877871314309,-0.07966648995132218
132,10207.0,13683.0,14011.5,11850.5,-0.01186156095975731,-0.15709065383900672
133,10247.0,15515.5,12823.0,10403.5,0.09501208603137042,-0.11166016471608102
134,9767.5,17012.5,12108.0,9335.0,0.16842087189436938,-0.10699184018650955
135,,,,,,
136,13104.0,17653.0,19330.0,16984.0,-0.0453451585863774,-0.191959055312326
137,9926.0,13959.0,15156.5,12552.5,-0.0411292953924884,-0.20853184491179028
138,11040.0,10218.0,7946.5,7735.0,0.1250516116601056,0.16293155663234318
139,9060.0,12333.0,9264.5,8181.0,0.14207662923949466,-0.011159922508117488
140,8931.0,14198.0,11670.0,9620.0,0.0977269212927165,-0.1329547109363617
141,9248.0,14007.5,12553.5,9979.0,0.054741914837543565,-0.15161800793523314
142,9969.5,11490.5,10372.5,9135.0,0.05113662351918744,-0.01981122800117973
143,10468.0,11724.0,7895.0,7622.0,0.1951679494367695,0.1401187169852413
144,10835.0,15132.5,13586.0,11169.0,0.05385030555217002,-0.11264894967446006
145,7859.0,9058.0,8310.0,7822.0,0.04306771073238115,-0.027892881439792024
146,9266.0,13491.5,13393.0,11250.5,0.00366382116089195,-0.18213513394236208
147,10334.0,15218.5,14735.0,12208.5,0.016141686280401236,-0.17555546691132407
148,9427.0,16685.5,12127.0,9348.0,0.15821258134490185,-0.12526677182889429
149,10765.0,14001.0,12520.0,10583.0,0.055842539874061854,-0.07537041013527991
150,9854.5,16337.5,14979.0,11663.0,0.04337968802388504,-0.20635431976966515
151,11426.0,11190.0,7687.5,7645.0,0.18553833929280794,0.19559473670442257
152,9355.0,16079.5,12341.5,9665.5,0.13152246578234358,-0.1376489295508486
153,9616.0,19052.5,14601.0,11173.5,0.13227450339489166,-0.2058471321798728
154,9829.5,15146.5,12551.0,9830.5,0.09370881848542253,-0.12160139407073069
155,9550.0,17658.5,13746.5,10574.0,0.12456615188664187,-0.18013435494602117
156,10720.0,15210.0,17974.0,14201.0,-0.08329315332690428,-0.2528054645570494
157,11835.5,12488.0,8894.0,8335.0,0.16808530539706218,0.14189922574109293
158,10466.5,14137.5,10315.5,8536.0,0.1562998405103662,0.007265903185448912
159,10647.0,15543.0,11919.5,9642.5,0.13194355939918023,-0.056388895043537744
160,,,,,,
161,9803.5,12128.5,9325.0,8486.0,0.13067797795231487,0.02501502992916316
162,10247.0,15515.5,12823.0,10403.5,0.09501208603137042,-0.11166016471608102
163,10943.0,14887.0,13522.0,11403.0,0.04804815375409185,-0.10541590026568524
164,,,,,,
165,9417.0,17023.0,13069.5,10005.5,0.13137825039461618,-0.16243079180841768
166,,,,,,
167,10665.5,15820.0,16377.5,13975.0,-0.01731500892926464,-0.21121916947084196
168,9546.5,13162.5,12786.0,10889.0,0.014509509220186083,-0.14505765140490254
169,11044.5,17937.5,18143.5,14152.5,-0.005709376125938844,-0.24321639029738168
170,,,,,,
171,,,,,,
172,9328.0,17360.5,12598.5,9475.0,0.1589505657732229,-0.1491574122636985
173,9712.5,16068.0,14358.0,11011.0,0.05620193255768075,-0.19299557549697685
174,9213.5,17011.0,12459.5,9742.5,0.1544425781713912,-0.14977160522308797
175,9060.0,12333.0,9264.5,8181.0,0.14207662923949466,-0.011159922508117488
176,9636.0,14954.0,14753.0,11537.5,0.006766082068199392,-0.20980770019270897
177,9908.0,17418.5,13987.0,10115.0,0.10926430083902466,-0.17070516844528075
178,10724.5,14558.0,11450.0,10000.5,0.11950169178714197,-0.032717761392590444
179,,,,,,
180,11456.5,15187.0,14527.0,12799.0,0.022211752036077198,-0.11817114707410427
181,9112.0,13185.0,13904.5,11277.0,-0.026560106314254504,-0.20822018986379248
182,9691.0,13724.0,13005.5,10754.5,0.02688041302680549,-0.1460357323816441
183,9969.5,11490.5,10372.5,9135.0,0.05113662351918744,-0.01981122800117973
184,9030.0,13383.5,12118.0,10110.5,0.04962453189028077,-0.14601853603177536
185,9643.0,15906.0,14471.0,11037.0,0.04723968792178278,-0.20021564236543005
186,11771.5,18631.5,16495.0,12815.0,0.060823025351230374,-0.1671059381246346
187,9550.0,17658.5,13746.5,10574.0,0.12456615188664187,-0.18013435494602117
188,9167.0,9089.5,7963.0,7740.0,0.066060694912769,0.07028604786923486
189,10720.0,15210.0,17974.0,14201.0,-0.08329315332690428,-0.2528054645570494
190,10433.5,12433.5,9579.5,8531.5,0.1296506609730608,0.04267226302903092
191,4774.0,6219.0,5600.5,4803.0,0.05232877871314309,-0.07966648995132218
192,10207.0,13683.0,14011.5,11850.5,-0.01186156095975731,-0.15709065383900672
193,10247.0,15515.5,12823.0,10403.5,0.09501208603137042,-0.11166016471608102
194,,,,,,
195,9684.0,13785.0,14045.5,11787.0,-0.009360234275345361,-0.18380075433532025
196,9753.0,16870.5,13408.0,10257.0,0.11435507042951232,-0.15780838478476683
197,9601.0,14678.0,12867.0,10208.0,0.06574695952078394,-0.14536229303898815
198,8344.0,13912.0,10705.0,8910.0,0.13027582564894127,-0.12394351409522746
199,10721.0,11814.0,10788.0,9878.0,0.045394212901512944,-0.0031149751266911383
